"Gly"	"Ala"	"Val"	"Ile"	"Leu"	"Pro"	"Ser"	"Thr"	"Cys"	"Met"	"Asp"	"Asn"	"Glu"	"Gln"	"Lys"	"Arg"	"His"	"Phe"	"Tyr"	"Trp"	"Stop"
"Gly"	0	80	32	0	0	0	1077	0	4	0	168	0	93	0	0	29	0	0	0	6	3
"Ala"	78	0	1712	0	0	61	282	13494	0	0	24	0	2	0	0	0	0	0	0	0	0
"Val"	32	1792	0	6542	125	0	0	0	0	1778	3	0	13	0	0	0	0	4	0	0	0
"Ile"	0	0	6310	0	258	0	50	4014	0	392	0	29	0	0	0	0	0	51	0	0	0
"Leu"	0	0	138	248	0	1530	243	0	0	287	0	0	0	102	0	18	13	2705	0	20	2
"Pro"	0	65	0	0	1377	0	995	41	0	0	0	0	0	10	0	15	29	0	0	0	0
"Ser"	981	274	0	49	222	1067	0	608	51	0	0	2663	0	0	0	4	0	495	75	8	15
"Thr"	0	12755	0	3713	0	48	609	0	0	2129	0	72	0	0	13	0	0	0	0	0	10
"Cys"	4	0	0	0	0	0	46	0	0	0	0	0	0	0	0	20	0	8	502	20	0
"Met"	0	0	1689	375	290	0	0	2327	0	0	0	0	0	0	39	0	0	0	0	0	0
"Asp"	160	26	4	0	0	0	0	0	0	0	0	987	53	0	0	0	14	0	8	0	0
"Asn"	0	0	0	32	0	0	2595	76	0	0	906	0	0	0	68	0	40	0	40	0	0
"Glu"	96	2	12	0	0	0	0	0	0	0	55	0	0	15	344	0	0	0	0	0	0
"Gln"	0	0	0	0	105	10	0	0	0	0	0	0	13	0	18	203	44	0	0	0	6
"Lys"	0	0	0	0	0	0	0	14	0	72	0	77	316	20	0	0	0	0	0	0	109
"Arg"	32	0	0	0	18	14	4	0	14	0	0	0	0	212	0	0	287	0	0	56	0
"His"	0	0	0	0	16	34	0	0	0	0	16	39	0	44	0	288	0	0	1164	0	0
"Phe"	0	0	4	47	2963	0	513	0	8	0	0	0	0	0	0	0	0	0	40	0	0
"Tyr"	0	0	0	0	0	0	73	0	502	0	6	34	0	0	0	0	1263	39	0	0	2
"Trp"	6	0	0	0	20	0	7	0	21	0	0	0	0	0	0	64	0	0	0	0	1
"Stop"	4	0	0	0	2	0	15	11	0	0	0	0	0	8	125	0	0	0	4	2	0
