Subst	NumbObs	FreqObs	NumbExp	FreqExp	ObsToExpFreq
AC	91	0.0121268656716418	5012	0.104547350855236	0.115994002453812
AG	468	0.0623667377398721	5031	0.104943679599499	0.594287697724004
AT	71	0.00946162046908316	4910	0.102419691280768	0.0923808727673822
CA	160	0.0213219616204691	4969	0.103650396328744	0.205710372325476
CG	22	0.0029317697228145	5009	0.104484772632457	0.0280593013598976
CT	760	0.101279317697228	5060	0.105548602419691	0.959551480317217
GA	3637	0.484674840085288	2149	0.0448268669169796	10.8121506904089
GC	114	0.0151918976545842	2075	0.0432832707551106	0.350987746294346
GT	42	0.00559701492537313	1936	0.040383813099708	0.138595503885531
TA	28	0.00373134328358209	3886	0.0810596579057155	0.0460320630506756
TC	2085	0.277851812366738	4001	0.0834584897788903	3.3292216657989
TG	26	0.00346481876332623	3902	0.0813934084272007	0.0425687881890977
