names	NumbObs	FreqObs	NumbExp	FreqExp	ObsToExpFreq
AC: AAA	0	0	524	0.01093032957864	0
AC: AAC	16	0.00213219616204691	495	0.0103254067584481	0.206499967693998
AC: AAG	1	0.000133262260127932	209	0.00435961618690029	0.0305674294283878
AC: AAT	1	0.000133262260127932	375	0.00782227784730914	0.0170362473347548
AC: CAA	24	0.00319829424307036	463	0.00965790571547768	0.33115815553519
AC: CAC	31	0.00413113006396588	454	0.00947017104714226	0.436225496181772
AC: CAG	0	0	198	0.00413016270337922	0
AC: CAT	5	0.000666311300639659	410	0.00855235711305799	0.0779096676894274
AC: GAA	0	0	182	0.00379641218189403	0
AC: GAC	3	0.000399786780383795	146	0.00304547350855236	0.131272453778076
AC: GAG	0	0	103	0.00214851898206091	0
AC: GAT	0	0	91	0.00189820609094702	0
AC: TAA	2	0.000266524520255864	406	0.00846891948268669	0.0314709002489313
AC: TAC	6	0.000799573560767591	377	0.00786399666249478	0.101675216188855
AC: TAG	2	0.000266524520255864	258	0.00538172715894869	0.0495239748103337
AC: TAT	0	0	321	0.00669586983729662	0
AG: AAA	12	0.00159914712153518	524	0.01093032957864	0.146303650775566
AG: AAC	113	0.0150586353944563	495	0.0103254067584481	1.45840602183886
AG: AAG	12	0.00159914712153518	209	0.00435961618690029	0.366809153140653
AG: AAT	38	0.00506396588486141	376	0.00784313725490196	0.645655650319829
AG: CAA	6	0.000799573560767591	463	0.00965790571547768	0.0827895388837976
AG: CAC	47	0.00626332622601279	454	0.00947017104714226	0.661374139372364
AG: CAG	10	0.00133262260127932	198	0.00413016270337922	0.322656199521871
AG: CAT	9	0.00119936034115139	416	0.00867751355861494	0.138214747006725
AG: GAA	17	0.00226545842217484	182	0.00379641218189403	0.596736685489351
AG: GAC	39	0.00519722814498934	146	0.00304547350855236	1.70654189911499
AG: GAG	21	0.00279850746268657	103	0.00214851898206091	1.30252861904072
AG: GAT	12	0.00159914712153518	92	0.00191906549853984	0.833294706591267
AG: TAA	35	0.00466417910447761	414	0.00863579474342929	0.540098420938784
AG: TAC	49	0.00652985074626866	377	0.00786399666249478	0.830347598875648
AG: TAG	17	0.00226545842217484	258	0.00538172715894869	0.420953785887837
AG: TAT	31	0.00413113006396588	324	0.00675844806007509	0.611254244649767
AT: AAA	12	0.00159914712153518	476	0.0099290780141844	0.161056960097472
AT: AAC	4	0.000533049040511727	495	0.0103254067584481	0.0516249919234994
AT: AAG	1	0.000133262260127932	209	0.00435961618690029	0.0305674294283878
AT: AAT	7	0.000932835820895522	375	0.00782227784730914	0.119253731343284
AT: CAA	8	0.00106609808102345	422	0.00880267000417188	0.121110763043281
AT: CAC	6	0.000799573560767591	453	0.00944931163954944	0.0846171225236165
AT: CAG	4	0.000533049040511727	198	0.00413016270337922	0.129062479808748
AT: CAT	4	0.000533049040511727	410	0.00855235711305799	0.0623277341515419
AT: GAA	2	0.000266524520255864	179	0.00373383395911556	0.0713809245869614
AT: GAC	0	0	146	0.00304547350855236	0
AT: GAG	3	0.000399786780383795	103	0.00214851898206091	0.186075517005817
AT: GAT	2	0.000266524520255864	91	0.00189820609094702	0.140408631879847
AT: TAA	8	0.00106609808102345	397	0.00828118481435127	0.12873738540117
AT: TAC	5	0.000666311300639659	377	0.00786399666249478	0.0847293468240457
AT: TAG	2	0.000266524520255864	258	0.00538172715894869	0.0495239748103337
AT: TAT	3	0.000399786780383795	321	0.00669586983729662	0.0597064743040472
CA: ACA	11	0.00146588486140725	425	0.00886524822695036	0.165351812366738
CA: ACC	8	0.00106609808102345	494	0.0103045473508552	0.103458991911466
CA: ACG	3	0.000399786780383795	101	0.00210680016687526	0.189760180708902
CA: ACT	13	0.00173240938166311	386	0.0080517313308302	0.215159859473911
CA: CCA	10	0.00133262260127932	463	0.00965790571547768	0.137982564806329
CA: CCC	15	0.00199893390191898	622	0.0129745515227368	0.15406574157234
CA: CCG	8	0.00106609808102345	141	0.00294117647058824	0.362473347547974
CA: CCT	12	0.00159914712153518	540	0.0112640801001252	0.141968727789623
CA: GCA	4	0.000533049040511727	206	0.00429703796412182	0.124050344670545
CA: GCC	8	0.00106609808102345	264	0.00550688360450563	0.193593719713123
CA: GCG	5	0.000666311300639659	51	0.00106382978723404	0.626332622601279
CA: GCT	4	0.000533049040511727	173	0.00360867751355862	0.147713127179955
CA: TCA	13	0.00173240938166311	326	0.00680016687526074	0.254759833610214
CA: TCC	12	0.00159914712153518	358	0.00746766791823112	0.214142773760884
CA: TCG	11	0.00146588486140725	114	0.00237797246558198	0.616443160139154
CA: TCT	23	0.00306503198294243	305	0.00636211931581143	0.48176273200741
CG: ACA	3	0.000399786780383795	425	0.00886524822695036	0.0450959488272921
CG: ACC	4	0.000533049040511727	494	0.0103045473508552	0.0517294959557332
CG: ACG	0	0	101	0.00210680016687526	0
CG: ACT	0	0	386	0.0080517313308302	0
CG: CCA	2	0.000266524520255864	464	0.0096787651230705	0.0275370377178149
CG: CCC	2	0.000266524520255864	624	0.0130162703379224	0.0204762588158111
CG: CCG	2	0.000266524520255864	141	0.00294117647058824	0.0906183368869936
CG: CCT	0	0	543	0.0113266583229036	0
CG: GCA	0	0	207	0.00431789737171464	0
CG: GCC	4	0.000533049040511727	271	0.0056528994576554	0.0942965719635874
CG: GCG	1	0.000133262260127932	54	0.00112640801001252	0.118307273158019
CG: GCT	0	0	179	0.00373383395911556	0
CG: TCA	1	0.000133262260127932	331	0.00690446391322486	0.019300884442698
CG: TCC	3	0.000399786780383795	361	0.0075302461410096	0.0530907984808841
CG: TCG	0	0	121	0.00252398831873175	0
CG: TCT	0	0	307	0.00640383813099708	0
CT: ACA	60	0.00799573560767591	419	0.00874009178139341	0.914834284085878
CT: ACC	93	0.0123933901918977	516	0.0107634543178974	1.15143241434026
CT: ACG	9	0.00119936034115139	110	0.00229453483521068	0.522703043225431
CT: ACT	36	0.00479744136460554	412	0.00859407592824364	0.558226551017451
CT: CCA	95	0.0126599147121535	416	0.00867751355861494	1.45893344062654
CT: CCC	111	0.0147921108742004	622	0.0129745515227368	1.14008648763532
CT: CCG	15	0.00199893390191898	133	0.00277430120984564	0.720517979383427
CT: CCT	37	0.00493070362473348	543	0.0113266583229036	0.435318474714038
CT: GCA	44	0.005863539445629	205	0.00427617855652899	1.37121015133392
CT: GCC	56	0.00746268656716418	271	0.0056528994576554	1.32015200749022
CT: GCG	10	0.00133262260127932	50	0.00104297037964122	1.27771855010661
CT: GCT	13	0.00173240938166311	179	0.00373383395911556	0.463976009815249
CT: TCA	64	0.00852878464818763	402	0.00838548185231539	1.01708939311969
CT: TCC	54	0.00719616204690832	361	0.0075302461410096	0.955634372655913
CT: TCG	20	0.00266524520255864	114	0.00237797246558198	1.12080574570755
CT: TCT	43	0.00573027718550107	307	0.00640383813099708	0.894819180042088
GA: AGA	237	0.0315831556503198	178	0.00371297455152274	8.50616001054119
GA: AGC	543	0.0723614072494669	282	0.00588235294117647	12.3014392324094
GA: AGG	240	0.0319829424307036	174	0.00362953692115144	8.81185206970076
GA: AGT	222	0.0295842217484009	161	0.00335836462244472	8.80911546967911
GA: CGA	286	0.0381130063965885	122	0.00254484772632457	14.9765371037086
GA: CGC	383	0.0510394456289979	155	0.00323320817688778	15.78600660293
GA: CGG	166	0.0221215351812367	80	0.00166875260742595	13.2563299573561
GA: CGT	166	0.0221215351812367	78	0.0016270337922403	13.5962358536985
GA: GGA	204	0.0271855010660981	122	0.00254484772632457	10.6825649271208
GA: GGC	300	0.0399786780383795	147	0.00306633291614518	13.037944388843
GA: GGG	146	0.019456289978678	69	0.00143929912390488	13.517891906925
GA: GGT	115	0.0153251599147122	78	0.0016270337922403	9.41907905527308
GA: TGA	253	0.0337153518123667	190	0.00396328744263663	8.50691560992033
GA: TGC	141	0.0187899786780384	123	0.0025657071339174	7.32350876280618
GA: TGG	89	0.0118603411513859	90	0.00187734668335419	6.31760838663824
GA: TGT	146	0.019456289978678	100	0.00208594075928244	9.32734541577825
GC: AGA	3	0.000399786780383795	178	0.00371297455152274	0.107672911525838
GC: AGC	18	0.00239872068230277	282	0.00588235294117647	0.407782515991471
GC: AGG	1	0.000133262260127932	174	0.00362953692115144	0.0367160502904198
GC: AGT	6	0.000799573560767591	161	0.00335836462244472	0.238084201883219
GC: CGA	8	0.00106609808102345	122	0.00254484772632457	0.418924114789052
GC: CGC	17	0.00226545842217484	155	0.00323320817688778	0.700684366187496
GC: CGG	3	0.000399786780383795	80	0.00166875260742595	0.239572228144989
GC: CGT	10	0.00133262260127932	78	0.0016270337922403	0.819050352632442
GC: GGA	3	0.000399786780383795	122	0.00254484772632457	0.157096543045895
GC: GGC	12	0.00159914712153518	151	0.00314977054651648	0.507702735141699
GC: GGG	1	0.000133262260127932	72	0.00150187734668335	0.0887304548685146
GC: GGT	3	0.000399786780383795	80	0.00166875260742595	0.239572228144989
GC: TGA	4	0.000533049040511727	98	0.00204422194409679	0.260758887776859
GC: TGC	10	0.00133262260127932	123	0.0025657071339174	0.519397784596183
GC: TGG	2	0.000266524520255864	99	0.00206508135168961	0.129062479808748
GC: TGT	13	0.00173240938166311	100	0.00208594075928244	0.830517057569296
GT: AGA	5	0.000666311300639659	139	0.00289945765540259	0.229805494623491
GT: AGC	1	0.000133262260127932	282	0.00588235294117647	0.0226545842217484
GT: AGG	3	0.000399786780383795	141	0.00294117647058824	0.13592750533049
GT: AGT	0	0	161	0.00335836462244472	0
GT: CGA	4	0.000533049040511727	98	0.00204422194409679	0.260758887776859
GT: CGC	8	0.00106609808102345	155	0.00323320817688778	0.329733819382351
GT: CGG	1	0.000133262260127932	63	0.00131414267834793	0.101406234135445
GT: CGT	0	0	78	0.0016270337922403	0
GT: GGA	1	0.000133262260127932	118	0.00246141009595328	0.0541406165299411
GT: GGC	0	0	151	0.00314977054651648	0
GT: GGG	0	0	70	0.00146015853149771	0
GT: GGT	2	0.000266524520255864	80	0.00166875260742595	0.159714818763326
GT: TGA	1	0.000133262260127932	87	0.00181476846057572	0.0734321005808396
GT: TGC	3	0.000399786780383795	123	0.0025657071339174	0.155819335378855
GT: TGG	11	0.00146588486140725	90	0.00187734668335419	0.780828002842928
GT: TGT	2	0.000266524520255864	100	0.00208594075928244	0.127771855010661
TA: ATA	1	0.000133262260127932	359	0.00748852732582395	0.0177955229819862
TA: ATC	1	0.000133262260127932	365	0.00761368377138089	0.0175029938370768
TA: ATG	0	0	114	0.00237797246558198	0
TA: ATT	3	0.000399786780383795	321	0.00669586983729662	0.0597064743040472
TA: CTA	2	0.000266524520255864	523	0.0109094701710471	0.0244305650115987
TA: CTC	5	0.000666311300639659	419	0.00874009178139341	0.0762361903404898
TA: CTG	1	0.000133262260127932	143	0.00298289528577388	0.0446754737799514
TA: CTT	3	0.000399786780383795	319	0.00665415102211097	0.0600808095661415
TA: GTA	3	0.000399786780383795	153	0.00319148936170213	0.125266524520256
TA: GTC	0	0	106	0.00221109720483938	0
TA: GTG	0	0	47	0.000980392156862745	0
TA: GTT	0	0	102	0.00212765957446809	0
TA: TTA	6	0.000799573560767591	264	0.00550688360450563	0.145195289784842
TA: TTC	2	0.000266524520255864	305	0.00636211931581143	0.0418924114789052
TA: TTG	0	0	95	0.00198164372131831	0
TA: TTT	1	0.000133262260127932	251	0.00523571130579892	0.0254525607590958
TC: ATA	173	0.0230543710021322	367	0.00765540258656654	3.01151647368452
TC: ATC	259	0.0345149253731343	370	0.00771798080934501	4.47201492537313
TC: ATG	57	0.00759594882729211	127	0.00264914476428869	2.86732115575105
TC: ATT	150	0.0199893390191898	330	0.00688360450563204	2.90390579569684
TC: CTA	249	0.033182302771855	523	0.0109094701710471	3.04160534394403
TC: CTC	313	0.0417110874200426	419	0.00874009178139341	4.77238551531466
TC: CTG	66	0.0087953091684435	143	0.00298289528577388	2.94858126947679
TC: CTT	149	0.0198560767590618	319	0.00665415102211097	2.98401354178503
TC: GTA	132	0.017590618336887	154	0.00321234876929495	5.47593664331404
TC: GTC	100	0.0133262260127932	106	0.00221109720483938	6.02697429295571
TC: GTG	25	0.00333155650319829	48	0.00100125156445557	3.3273920575693
TC: GTT	58	0.00772921108742004	104	0.00216937838965373	3.56286903395112
TC: TTA	86	0.0114605543710021	329	0.00686274509803922	1.66996649406031
TC: TTC	147	0.019589552238806	306	0.00638297872340425	3.06902985074627
TC: TTG	41	0.0054637526652452	105	0.00219023779724656	2.49459335973195
TC: TTT	80	0.0106609808102345	251	0.00523571130579892	2.03620486072766
TG: ATA	3	0.000399786780383795	359	0.00748852732582395	0.0533865689459586
TG: ATC	0	0	365	0.00761368377138089	0
TG: ATG	3	0.000399786780383795	114	0.00237797246558198	0.168120861856133
TG: ATT	1	0.000133262260127932	321	0.00669586983729662	0.0199021581013491
TG: CTA	0	0	523	0.0109094701710471	0
TG: CTC	2	0.000266524520255864	419	0.00874009178139341	0.0304944761361959
TG: CTG	2	0.000266524520255864	143	0.00298289528577388	0.0893509475599028
TG: CTT	0	0	319	0.00665415102211097	0
TG: GTA	7	0.000932835820895522	154	0.00321234876929495	0.290390579569684
TG: GTC	0	0	106	0.00221109720483938	0
TG: GTG	2	0.000266524520255864	48	0.00100125156445557	0.266191364605544
TG: GTT	3	0.000399786780383795	104	0.00216937838965373	0.184286329342299
TG: TTA	0	0	265	0.00552774301209846	0
TG: TTC	0	0	306	0.00638297872340425	0
TG: TTG	3	0.000399786780383795	105	0.00219023779724656	0.182531221443801
TG: TTT	0	0	251	0.00523571130579892	0
